format long
a = ((35.7 * 64) - 7^3) / (45 + 5^2)

b = ((5/4) * (7) * (6^2)) + ((3^7) / ((9^3) - 652))

a = ((2 + 7)^3) + ((273^(2 / 3)) / (2)) + ((55^2)/(3))

b = 2^3 + 7^3 + ((273^3)/(2)) + (55^(3/2))

a = (((3^7) * (log(76))) / ((7^3) + 546)) + 910^(1/3)